kinematics:
  shoulder:
    x: 0
    y: 0
    z: 0.1519035770993898
    roll: -0
    pitch: 0
    yaw: 1.948869595419786e-05
  upper_arm:
    x: 2.817722130220069e-05
    y: 0
    z: 0
    roll: 1.570734017433644
    pitch: 0
    yaw: -5.637875855122205e-05
  forearm:
    x: -0.2436993717883348
    y: 0
    z: 0
    roll: 0.003495882483291733
    pitch: -0.0009089613229183169
    yaw: -6.476071939908893e-06
  wrist_1:
    x: -0.2131837790950335
    y: -7.949540656687509e-05
    z: 0.1127939333304821
    roll: 0.0007047843005138626
    pitch: 0.00315503528760372
    yaw: -5.917550437139181e-05
  wrist_2:
    x: 3.585163635168591e-05
    y: -0.08527505152038437
    z: -2.104669189798515e-05
    roll: 1.571043136278977
    pitch: 0
    yaw: 7.16563995618953e-05
  wrist_3:
    x: 4.690739642145852e-05
    y: 0.08223312459253208
    z: -3.675423324911674e-05
    roll: 1.570349375143919
    pitch: 3.141592653589793
    yaw: -3.141559723778509
  hash: calib_7139990090843446215